[gd_scene load_steps=13 format=2]

[ext_resource path="res://items/splash.gltf" type="PackedScene" id=1]
[ext_resource path="res://levels/end.gd" type="Script" id=2]
[ext_resource path="res://levels/heart.tscn" type="PackedScene" id=3]
[ext_resource path="res://levels/fence.tscn" type="PackedScene" id=4]
[ext_resource path="res://levels/house_suger.tscn" type="PackedScene" id=5]
[ext_resource path="res://levels/cristal.tscn" type="PackedScene" id=6]
[ext_resource path="res://levels/trampoline.tscn" type="PackedScene" id=7]
[ext_resource path="res://levels/spikes.tscn" type="PackedScene" id=8]
[ext_resource path="res://levels/apple.tscn" type="PackedScene" id=9]
[ext_resource path="res://levels/blockFall.tscn" type="PackedScene" id=10]
[ext_resource path="res://levels/treeFall.tscn" type="PackedScene" id=11]
[ext_resource path="res://levels/stone.tscn" type="PackedScene" id=13]

[node name="level" type="Spatial"]
script = ExtResource( 2 )

[node name="Ground" parent="." instance=ExtResource( 10 )]
transform = Transform( 40, 0, 0, 0, 1, 0, 0, 0, 20, 0, -0.5, 0 )

[node name="house" parent="." instance=ExtResource( 5 )]
transform = Transform( 1, 0, 0, 0, 1, 0, 0, 0, 1, -0.0799274, -0.075695, 7.45547 )

[node name="Fence" type="Spatial" parent="."]

[node name="Scene Root5" parent="Fence" instance=ExtResource( 4 )]
transform = Transform( 0.331609, 0, 0.943417, 0, 1, 0, -0.943417, 0, 0.331609, 2.76177, 0, 3.2166 )

[node name="Scene Root" parent="Fence" instance=ExtResource( 4 )]
transform = Transform( 0.24406, 0, -0.969761, 0, 1, 0, 0.969761, 0, 0.24406, -3.79489, 0.046658, 3.25693 )

[node name="Scene Root8" parent="Fence" instance=ExtResource( 4 )]
transform = Transform( 0.981166, 0, 0.193165, 0, 1, 0, -0.193165, 0, 0.981166, 4.13132, 0, 1.70244 )

[node name="Scene Root9" parent="Fence" instance=ExtResource( 4 )]
transform = Transform( 1, 0, 0, 0, 1, 0, 0, 0, 1, 5.31869, 0, 1.64351 )

[node name="Scene Root10" parent="Fence" instance=ExtResource( 4 )]
transform = Transform( 1, 0, 0, 0, 1, 0, 0, 0, 1, 6.4434, 0, 1.64351 )

[node name="Scene Root11" parent="Fence" instance=ExtResource( 4 )]
transform = Transform( 1, 0, 0, 0, 1, 0, 0, 0, 1, 7.56843, 0, 1.64351 )

[node name="Scene Root12" parent="Fence" instance=ExtResource( 4 )]
transform = Transform( 1, 0, 0, 0, 1, 0, 0, 0, 1, 8.73512, 0, 1.64351 )

[node name="Scene Root13" parent="Fence" instance=ExtResource( 4 )]
transform = Transform( 0.69208, 0, -0.721821, 0, 1, 0, 0.721821, 0, 0.69208, -9.0485, 0, -0.92914 )

[node name="Scene Root14" parent="Fence" instance=ExtResource( 4 )]
transform = Transform( 1, 0, 0, 0, 1, 0, 0, 0, 1, -8.33684, 0, -0.55684 )

[node name="Scene Root15" parent="Fence" instance=ExtResource( 4 )]
transform = Transform( 1, 0, 0, 0, 1, 0, 0, 0, 1, -7.27464, -9.53674e-07, -0.542459 )

[node name="Scene Root16" parent="Fence" instance=ExtResource( 4 )]
transform = Transform( 1, 0, 0, 0, 1, 0, 0, 0, 1, -6.23826, 0, -0.477748 )

[node name="Scene Root2" parent="Fence" instance=ExtResource( 4 )]
transform = Transform( 0.382256, 0, -0.924057, 0, 1, 0, 0.924057, 0, 0.382256, -4.22629, -4.76837e-07, 2.02639 )

[node name="Scene Root6" parent="Fence" instance=ExtResource( 4 )]
transform = Transform( 0.595682, 0, 0.803221, 0, 1, 0, -0.803221, 0, 0.595682, 3.27103, 0, 2.31282 )

[node name="Scene Root3" parent="Fence" instance=ExtResource( 4 )]
transform = Transform( 0.403054, 0, -0.915176, 0, 1, 0, 0.915176, 0, 0.403054, -4.68378, 1.43051e-06, 0.899821 )

[node name="Scene Root4" parent="Fence" instance=ExtResource( 4 )]
transform = Transform( 0.769672, 0, -0.638439, 0, 1, 0, 0.638439, 0, 0.769672, -5.31097, -4.76837e-07, -0.0776782 )

[node name="Scene Root7" parent="Fence" instance=ExtResource( 4 )]
transform = Transform( 0.0342415, 0, 0.999414, 0, 1, 0, -0.999414, 0, 0.0342415, 2.53174, 0, 4.28304 )

[node name="Trees" type="Spatial" parent="."]

[node name="stone" parent="Trees" instance=ExtResource( 13 )]
transform = Transform( 1, 0, 0, 0, 1, 0, 0, 0, 1, 11.9023, 0, -4.57886 )

[node name="stone3" parent="Trees" instance=ExtResource( 13 )]
transform = Transform( 0.926575, 0, 0.376111, 0, 1, 0, -0.376111, 0, 0.926575, 11.7478, 0, -1.68087 )

[node name="stone2" parent="Trees" instance=ExtResource( 13 )]
transform = Transform( 0.0642241, 1.60412, 0, -0.473579, 0.217541, 0, 0, 0, 1.6188, 11.8063, 0.152554, 0.541329 )

[node name="Spatial" parent="Trees" instance=ExtResource( 11 )]
transform = Transform( 0.520799, 0, 0, 0, 0.520799, 0, 0, 0, 0.520799, 5.25676, 0, 4.39371 )

[node name="Spatial3" parent="Trees" instance=ExtResource( 11 )]
transform = Transform( 0.414832, 0, 0, 0, 0.414832, 0, 0, 0, 0.414832, 9.71733, 0, 3.48246 )

[node name="Spatial4" parent="Trees" instance=ExtResource( 11 )]
transform = Transform( 0.414832, 0, 0, 0, 0.414832, 0, 0, 0, 0.414832, 11.5252, -4.76837e-07, -3.10824 )

[node name="Spatial5" parent="Trees" instance=ExtResource( 11 )]
transform = Transform( 0.414832, 0, 0, 0, 0.414832, 0, 0, 0, 0.414832, 12.6939, -4.76837e-07, -5.45906 )

[node name="Spatial2" parent="Trees" instance=ExtResource( 11 )]
transform = Transform( -0.0564538, 0, 0.51773, 0, 0.520799, 0, -0.51773, 0, -0.0564538, -6.45843, 0, 4.39371 )

[node name="items" type="Spatial" parent="."]

[node name="heart2" parent="items" instance=ExtResource( 3 )]
transform = Transform( 1, 0, 0, 0, 1, 0, 0, 0, 1, 0.5, 0.3, -7.687 )

[node name="heart3" parent="items" instance=ExtResource( 3 )]
transform = Transform( 1, 0, 0, 0, 1, 0, 0, 0, 1, -0.5, 0.3, -7.65972 )

[node name="apple" parent="items" instance=ExtResource( 9 )]
transform = Transform( 1, 0, 0, 0, 1, 0, 0, 0, 1, 1.78577, 0.178669, -7.73269 )

[node name="apple2" parent="items" instance=ExtResource( 9 )]
transform = Transform( 1, 0, 0, 0, 1, 0, 0, 0, 1, -1.77061, 0.178669, -7.66128 )

[node name="Cristal" parent="items" instance=ExtResource( 6 )]
transform = Transform( 1, 0, 0, 0, 1, 0, 0, 0, 1, 7.75464, 0, 0.0857687 )

[node name="Spike" parent="items" instance=ExtResource( 8 )]
transform = Transform( 1, 0, 0, 0, 1, 0, 0, 0, 1, -6.52381, 4.76837e-07, -1.8565 )

[node name="Trampoline" parent="items" instance=ExtResource( 7 )]
transform = Transform( 1, 0, 0, 0, 1, 0, 0, 0, 1, -0.01141, 0, -8.92549 )
velocity = Vector3( 16, 16, 0 )

[node name="Portal" parent="." instance=ExtResource( 1 )]
transform = Transform( 3.61765, 0, 0, 0, -0.00669229, 3.61765, 0, -3.61765, -0.00669229, 0, 1.5468, 3.71723 )

[node name="OmniLight" type="OmniLight" parent="Portal"]
transform = Transform( 0.276423, 0, 0, 0, -0.000511352, -0.276422, 0, 0.276422, -0.000511352, 0, 0.368653, 0.0285094 )
light_energy = 0.534
light_indirect_energy = 1.796
omni_range = 5.50512
