[gd_scene load_steps=10 format=2]

[ext_resource path="res://levels/cristal.tscn" type="PackedScene" id=1]
[ext_resource path="res://levels/spikes.tscn" type="PackedScene" id=2]
[ext_resource path="res://levels/blockSand.tscn" type="PackedScene" id=3]
[ext_resource path="res://Water.tscn" type="PackedScene" id=4]
[ext_resource path="res://levels/summerGround.tscn" type="PackedScene" id=5]
[ext_resource path="res://Sea.tscn" type="PackedScene" id=6]
[ext_resource path="res://levels/stone.tscn" type="PackedScene" id=7]
[ext_resource path="res://levels/bridge.tscn" type="PackedScene" id=8]
[ext_resource path="res://levels/Star.tscn" type="PackedScene" id=9]

[node name="level" type="Spatial"]

[node name="Items" type="Spatial" parent="."]

[node name="Cristal2" parent="Items" instance=ExtResource( 1 )]
transform = Transform( 1, 0, 0, 0, 0.977856, -0.209277, 0, 0.209277, 0.977856, -5.99778, -0.143764, 6.77543 )

[node name="Spike3" parent="Items" instance=ExtResource( 2 )]
transform = Transform( 1, 0, 0, 0, 0.92284, 0.385181, 0, -0.385181, 0.92284, -0.24481, 0.825889, -7.44059 )

[node name="Cristal3" parent="Items" instance=ExtResource( 1 )]
transform = Transform( 1, 0, 0, 0, 0.924752, 0.38057, 0, -0.38057, 0.924752, 6.10234, 0.488742, -7.21556 )

[node name="Cristal4" parent="Items" instance=ExtResource( 1 )]
transform = Transform( 1, 0, 0, 0, 0.971937, 0.235244, 0, -0.235243, 0.971936, -7.32531, 0.451167, -7.49053 )

[node name="Spike" parent="Items" instance=ExtResource( 2 )]
transform = Transform( 1, 0, 0, 0, 0.868631, -0.495459, 0, 0.495459, 0.868631, -0.0896515, 0.528411, 7.34429 )

[node name="Cristal" parent="Items" instance=ExtResource( 1 )]
transform = Transform( 1, 0, 0, 0, 0.889153, -0.45761, 0, 0.45761, 0.889153, 6.39686, 0.873474, 7.62469 )

[node name="Star" parent="Items" instance=ExtResource( 9 )]
transform = Transform( 1, 0, 0, 0, 1, 0, 0, 0, 1, -2.7857, 0.40456, 2.17202 )

[node name="Star2" parent="Items" instance=ExtResource( 9 )]
transform = Transform( 1, 0, 0, 0, 1, 0, 0, 0, 1, 3.68135, 1.78621, 2.17202 )

[node name="Bridge" type="Spatial" parent="."]

[node name="Water2" parent="Bridge" instance=ExtResource( 4 )]
transform = Transform( 8, 0, 0, 0, 3, 0, 0, 0, 8, 8, 0, 0 )
skeleton = NodePath("../..")

[node name="Scene Root" parent="Bridge" instance=ExtResource( 8 )]
transform = Transform( 2.88691, 0, 0, 0, 2.80854, 0.668103, 0, -0.668103, 2.80854, -2.8173, -0.778421, -3.98918 )

[node name="Scene Root2" parent="Bridge" instance=ExtResource( 8 )]
transform = Transform( 2.88691, 0, 0, 0, 2.80854, -0.668103, 0, 0.668103, 2.80854, -2.8173, -0.667562, 4.84557 )

[node name="Scene Root3" parent="Bridge" instance=ExtResource( 8 )]
transform = Transform( 2.88691, 0, 0, 0, 2.88691, 0, 0, 0, 1.74634, -2.8173, -1.21377, 2.07847 )

[node name="Scene Root5" parent="Bridge" instance=ExtResource( 8 )]
transform = Transform( 2.88691, 0, 0, 0, 2.80854, -0.668103, 0, 0.668103, 2.80854, 3.57566, 0.0171387, 4.47613 )

[node name="Scene Root6" parent="Bridge" instance=ExtResource( 8 )]
transform = Transform( 2.88691, 0, 0, 0, 2.88691, 0, 0, 0, 2.88691, 3.57566, 0.273099, 2.0402 )

[node name="Scene Root7" parent="Bridge" instance=ExtResource( 8 )]
transform = Transform( 2.88691, 0, 0, 0, 2.88691, 0, 0, 0, 2.88691, 3.57566, 0.273099, -0.832243 )

[node name="Scene Root4" parent="Bridge" instance=ExtResource( 8 )]
transform = Transform( 2.88691, 0, 0, 0, 2.80854, 0.668103, 0, -0.668103, 2.80854, 3.57566, 0.0199927, -3.42988 )

[node name="Nature" type="Spatial" parent="."]

[node name="stone3" parent="Nature" instance=ExtResource( 7 )]
transform = Transform( -1.37564, 0, 1.12039, 0, 1.35862, 0, -1.12039, 0, -1.37564, 10.1297, 1.65746, -6.04463 )

[node name="stone5" parent="Nature" instance=ExtResource( 7 )]
transform = Transform( -2.45534, 0, 1.40732, 0, 0.963495, 0, -1.40732, 0, -2.45534, 10.1527, 0.184741, -2.44224 )

[node name="stone6" parent="Nature" instance=ExtResource( 7 )]
transform = Transform( -4.85286, 0, 4.14562, 0, 2.17293, 0, -4.14562, 0, -4.85286, 12.6334, 2.76245, -3.89613 )

[node name="stone7" parent="Nature" instance=ExtResource( 7 )]
transform = Transform( -2.37297, 1.97457, -1.21122, -4.91098, -0.406965, 3.8974, 3.31477, 0.81061, 4.9071, 12.0384, 2.76245, 5.1466 )

[node name="stone4" parent="Nature" instance=ExtResource( 7 )]
transform = Transform( -1.7586, 0.00142894, -0.234473, 0.107882, 1.21117, -0.796552, 0.208189, -0.61555, -1.56786, 10.1085, 0.690876, 4.66827 )

[node name="summerGround" parent="." instance=ExtResource( 5 )]

[node name="BlockSand" parent="." instance=ExtResource( 3 )]
transform = Transform( 19.8944, -0.102619, 0, 1.87481, 0.908659, 1.62752, -0.835072, -0.404732, 3.65393, 0.227018, -0.61991, -7 )

[node name="BlockSand3" parent="." instance=ExtResource( 3 )]
transform = Transform( 19.8944, -0.102619, 0, 1.78505, 0.865153, -1.97401, 1.01285, 0.490896, 3.47898, 0.329637, -0.453166, 7.74228 )

[node name="Spatial" type="Spatial" parent="."]
transform = Transform( 0.9973, -0.0734297, 0, 0.0734297, 0.9973, 0, 0, 0, 1, 1.97875, -0.689545, 0 )

[node name="Water" parent="Spatial" instance=ExtResource( 6 )]
transform = Transform( 12, 1.49012e-08, 0, -5.96046e-08, 3, 0, 0, 0, 6, 0, 1.09344, 0 )
